00000293
00000313
FFFFF3B7
00000013
00000013
00000013
16030A63
00000013
00000013
00000013
00000013
02038263
00000013
00000013
00000013
00000013
00228293
00000013
00000013
00000013
16039A63
00000013
00000013
00000013
00000013
18031263
00000013
00000013
00000013
00000013
00428293
00000013
00000013
00000013
1663CA63
00000013
00000013
00000013
00000013
18734263
00000013
00000013
00000013
00000013
00628293
00000013
00000013
00000013
16035A63
00000013
00000013
00000013
00000013
18735263
00000013
00000013
00000013
00000013
1803DA63
00000013
00000013
00000013
00000013
00928293
00000013
00000013
00000013
18736263
00000013
00000013
00000013
00000013
1863EA63
00000013
00000013
00000013
00000013
00B28293
00000013
00000013
00000013
1863F263
00000013
00000013
00000013
00000013
18737A63
00000013
00000013
00000013
00000013
00D28293
00000013
00000013
00000013
1840006F
00000013
00000013
00000013
00128293
00000013
00000013
00000013
E91FF06F
00000013
00000013
00000013
00000013
EA1FF06F
00000013
00000013
00000013
00000013
00328293
00000013
00000013
00000013
E91FF06F
00000013
00000013
00000013
00000013
EA1FF06F
00000013
00000013
00000013
00000013
00528293
00000013
00000013
00000013
E91FF06F
00000013
00000013
00000013
00000013
EA1FF06F
00000013
00000013
00000013
00000013
00728293
00000013
00000013
00000013
E91FF06F
00000013
00000013
00000013
00000013
00828293
00000013
00000013
00000013
E81FF06F
00000013
00000013
00000013
00000013
E91FF06F
00000013
00000013
00000013
00000013
00A28293
00000013
00000013
00000013
E81FF06F
00000013
00000013
00000013
00000013
E91FF06F
00000013
00000013
00000013
00000013
00C28293
00000013
00000013
00000013
E81FF06F
00000013
00000013
00000013
00000013
E91FF06F
00000013
00000013
00000013
00000013
00128293