FFFFF2B7
01428293
00000013
00000013
00000013
FFFFF337
01030313
00000013
00000013
00000013
FFFFF3B7
02038393
00000013
00000013
00000013
00000493
00000013
00000013
00000613
00000013
00000013
0002A403
00000013
00000013
00000013
00147413
00000013
00000013
00000013
FE040AE3
00000013
00000013
00000013
00032403
00000013
00000013
00000013
008606B3
00000013
00000013
00000013
0006C583
00000013
00000013
00000013
00938533
00000013
00000013
00000013
00B50023
00000013
00000013
00000013
00148493
00000013
00000013
00000013
F6DFF06F
00000013
00000013
00000013
